467396098139357184

773756235571789887

868160567733547078

868409853964587058

852707108763205662

764721005666762762

826385641226240040

843445356128763915

792048974307655690

8291359245416530221

557628352828014614

751664770352021572

652288055125737482

635536513769275424

698545784890589237

818581477150162994

578237010947473426

852075559546257408

842145051118141511

830088149736095794

693730350966374430

646665429208530945

844477902648377376

618528849545920523

834532744058634280

490307225773146130

833402171327512596

782323997492510760

724656297039101972

778152070762463233

731445037065568267

536331339348049923

769565149651533844

730826649096159353

856144969902063666

861700677024481331

775591577724256266

751442660644094012

867970046486523924

731713661214916608

837924651861540865

597630172551708674

775472468458340362

775433974238674945

649377321500934164

809780728224153611

842769105458692096

724156124466774128

566658305355808769

753278956999802912

844340861679697931

856389134917435402

555712788383662091

838437136221863946

471370194539905026

829544451449028678

741124436932952124

776165207146758164

828257935360131103

778915526377603072

836013192986492938

842653444694999050

802489819665661973

827109150294540328

848959469228130345

748193874119360642

775314455831248916

659489346109571091

769885258790862850

833392138192289853

779078993240522784

815705109354250240

805931418457866250

822858392195563590

788099063937499216

534206783426920450

811652949914419231

568965746227675146

851862396934029345

753150801274470450

830158014488641606

823637229179895820

776423082377216010

752475259739045919

760427267620339742

653887074445033482

803341593343033394

745451244587319388

832765457684889662

690123896178868225

653198240296206339

809887481133793380

705279870627741768

443080348214231041

528745039161982977

746695822774894612

416266003178192897

596396711463616534

784351225280987187

586694520998199313

766172925505830932

788431355591393300

759171988290928651

848930639255830569

803288354736570379

437479467162796043

713285668301701141

528085180737388544

713842710917808231

789740003747037205

721908767297503345

615645205776957641

724594984707293246

798093064362524701

785617438418403338

805284792756994101

794501620142440458

849030750720491581

830460632917606451

831697116505309224

843539395021766676

815774652973449236

783852541120479233

692507935535923321

653375634084724768

536591752111587329

835345832035352596

828336655949234206

722564889490489384

828854571656675338

848988140198428712

785556510150492160

582055346550472716

789807542422339645

476697587320356874

835155099671724033

515764209859035136

828633179756822568

853108725686206485

827916051601817660

845326686646960160

709362518094512179

819047484621324330

777965212984803329

699425069901807626

533844682552115201

760485780539441196

765635445802532864

793474568870035466

819647074601533450

764349562877116418

601362452508180499

672548949319614494

789690019274686466

685593800466497542

816421394601869342

808347745718370306

808889087125094420

853991246372667393

661936792856952832

829764502512730174

655196554172301353

604012555966349330

851191082557767721

814469681976442920

826609831582105661

814116966432112660

804739242512351232

795692566057451521

854301917174169620

747333667231236146

403090902278471680

671409046653370369

830332842332127242

810654584405753877

829266932536049705

760697819194589236

470605778051661825

525759948446236693

192079623842955264

776511453501849681

746195786676699277

787259130205044757

810344478920802305

829636653776896012

613059164725313536

678065634218868756

818446029439238144

843314623368396831

803036529589092434

824649858710896640

429725038133116954

798956077466386442

819268992614924358

657370114659844108

793264564426244117

675797098284974080

805461562272907305

853212949468807169

764233342895652905

777810853726126090

254333480375287809

819078719372918785

758436038573424680

740073776783556680

831656056211636264

426537812993638400

803035097171361813

849037804817481778

748665096124891306

714315453001891877

709206281574940713

764888969530966026

795787973157191761

483173218400600064

446013218633285643

748993561269108768

608732095959007234

653265662596349963

839374443440898069

840659898983514142

843096693738045440

808885235013648436

796647938793275423

727495364583620682

841595673890914334

766950052744134657

713726486619619350

849027334770130985

713477463614816358

713161348955111456

758471455213617166

756327973673500754

379258613882945536

564196767181307916

592897243506540554

835482582011215903

775900112282976288

822232514361294889

833002524381413388

797262220894797854

741006306269462660

770100332998295572

734974921486106656

550403274306486391

714911536925114448

823415333565235230

720292864990642198

734870952390950966

822905323097686037

777917771110416454

769195986340806716

800554750495555627

833820849852121128

662318597477105674

294882584201003009

608066014092984320

411678056206303232

747180338190745610

747671296577503263

599631459065528320

811549597972430848

824438145905983498

668148948481081346

850646483862028309

834310632996077569

813443981295878184

701305021613998081

828433988867325962

851268571689779210

813223380995145729

786993863159316510

475276079137816576

848668349466148874

818991993962496023

792413578413342732

791256833754005526

708482806841606193

694131460596170795

270904126974590976

837429939720552450

688723774312415245

714299876988420096

712502318838579251

373232278781952011

738044442065502248

533793847965253633

795020161992097823

827292682959323196

747516991044190418

861251104591315005

731620879943073965

844089975519051806

852332264472838144

773639690422583347

849715427600498698

718344832501678120

817630398749081600

782802986383441940

790776531684425770

517843115411898390

790676886434217994

797310684199256114

791226361225674756

779509203710377997

784048059746484264

765419363586670616

852562147305324575

819699736344789072

406800234874798080

743854102525771837

608458860193120257

856799190235086908

765553432596840459

812422512628858931

610241373118922754

784499940281024523

543734440891908101

718744953093750845

804854856090779660

398630347635556363

769025618670125086

779709807534932008

811651038967758929

757819813161730059

738938813233233952

842919110996262962

852864553318219776

832348487298449449

720351927581278219

860830524696428545

631369393732845579

550613223733329920

821459356138209342

700639597130154019

835257972120748104

768558350312275970

606067905662025739

765553624720998410

756935983928442900

653123115878055966

818925142675292180

417066970643562507

651536144814571523

341680089341231114

852908059059683359

819761764178067477

749495955115474994

789380036258955295

796409391964094504

302050872383242240

801442296671371274

838561560841420841

555537327657844749

754587128767447042

807016453306843146

670617012988280864

837776770140733511

400365122566094850

784702591921553408

780653775282896907

732118452537393183

282859044593598464

791052619572314112

794474970977533972

793976710461653013

750003389005430785

825361736970403900

786051347233112064

850057523305644125

823598537861758993

717146441730097209

830038559389515776

767533291510956093

794455120599187486

607016038101418005

747821652594917406

712170937662832641

741733385583722628

797241197647233084

825200055636066385

838437884150808616

436211148443090944

758691977847636008

720701114949042257

759547878212763650

622827046115999754

525748911256895489

801825908566392863

780614086207340594

758119834062946326

827407696528539680

624753844340916224

810609535609077790

806065006986264678

716871516150693958

748396364458623106

836481286960316437

355721451644518400

687827853131513878

723618704625238087

794984240524951593

747555150708736001

781508468242120714

713190014871404665

821870172256075777

515983333264588830

666893257221079061

754868767401443360

843577261114654741

808857014783442954

744994493190766704

707342633617457263

784192457138765936

816417581665484870

297759378814140417

756296426283073547

460689481993945099

757980845335380009

781687513051693056

852853189506236417

625311187076120577

690503956513685504

733373364907016342

769656720016146452

845021375144263741

792180679319224351

669874104089706496

787606499370467350

848426309855477760

735943736978047067

673422177479032832

721399402819878983

765775972556996639

797123453744054313

763406401355382785

828752251601813524

720888857859588196

823680953795739668

847494261104443453

792057710627651605

718451000142331936

779664807082721301

493467257452888064

784575476596998214

818508619485020160

843577664047415298

235148962103951360

800410205024026644

799761220219175002

808559325740007444

786357264630022205

816986107635695617

834623089277927444

794258100441317376

675743174118866945

764587495395557427

838880322015723590

625171007703089152

686378780813557870

804758973697884240

486245971874021387

821836533480947742

826051360785039381

852936663885938698

816040270700216372

610797155094888450

727864660052672574

619775894831235073

706849647112617994

540484656047587368

758856551519354892

788969457384554526

727561413467308134

356065937318871041

720980512105037904

480078730119872513

155149108183695360

811867401397731339

853111194197426226

812810426114244638

720072742300549190

622460943103819820

692257593640353862

796472787957973012

819256250000605264

631529958577143808

659411121513562113

763002220085116939

734047308014157875

793389660592144384

727742947612819466

798214184340946945

431632890925809664

576948485488771072

638080903733706752

685604949182513152

807169327799336971

731408028351594522

764976162769862686

848833483085578250

539107378243698689

700691586517827675

800780469419114548

809822002314477619

813413570196406284

704947912462827582

729041443880173628

758874872641748993

766121055126552638

753969825646116904

583899218242961442

853246147954868254

544942615670423564

770722266568851517

766719110033047584

766996049713168395

852627324012331058

618593803946819635

796636155189788693

696048548835360770

766744775180550164

754078390084173905

790540013950861322

849354944502038528

673524752077291521

814471127594041357

796481653119123466

746397162614554715

707536391835353119

722266139664842802

817082150439354478

495836738057666602

515512740979277833

808361570807316512

697872863146803290

785926540277448714

829574280340570172

844211005817880627

780896395623661568

840980189486776321

762720503684399124

459771865674678284

735235258491863111

404189276884959232

808456473339494431

831602825020571648

743238677337079849

833322813774888960

832991686669762570

795182500694982687

797034375354646579

744578635780063293

731253976770674809

700448695186882570

867986953805660160

773154142659149864

589991827835191308

839945988834590741

797760343199186944

848666766325448744

809937171099942912

689372373916319765

757492248911806494

716967712844414996

849588455251771422

849052519338344448

506475094961291265

495575763018317824

849033005972062219

818799549149609985

670509279555616787

709631662434025503

801643355896545290

555573352782233610

582253194411900929

580171859258114050

804753562169114664

828325895219314688

778678096902881290

781249040565141525

807771247136079893

402560398328332288

814146148104404992

757051567299100702

788454414452391957

850043816195260437

815057543155810334

751171399116128267

546307040944062487

629345553083400202

734667038865227817

403547155303890945

852045616225976332

842915317273460786

743540271110815954

718221688696733779

781813095164018709

781771544778637363

857711425690533948

697859109546098861

712917098489184376

834199506345787392

780774492225142794

470830197789294593

474941945534218240

767877196161220619

808908894185193492

786383887362162720

855647578695139328

856158872959713301

788408640595165195

495647130199916594

848644282139017266

820752718880571403

613846289855152192

843175972898472016

830034902816391189

854713829539053618

856040439369957376

432610292342587392

850032307128631356

750076813782417480

538832917942763524

779513829805129758

744905404760457337

773332960366690374

846827515946336266

769955886708949014

465304554108616725

844791126917513276

824860562227331103

797858550616555570

849787453266460672

853982373019254789

733557178979319809

788094521401016370

827578332472016936

417038911618023425

501914069393997838

708330177662418994

851557815616798790

811994128740515871

582832027674476545

779014221211369522

821043666184699964

850322420585857034

740877641262956637

749367381947711548

755859266220589198

439815283830685696

577582576236232704

738092886230564985

670789390892531732

744784737712734209

833230840795627540

807908054870786049

827983793477386280

800461073567842324

451637439002443777

846019149788741662

811641325790822410

730818633625763962

732163237994299423

831592045704380416

581866233813794828

791365048399822859

846944539344109578

806560196208885782

786655972172234784

822933284547592213

855781820821012511

516930711043833857

806566082201911317

760061709477347368

704129478854705242

800215424754122802

536667863235428352

849324258235777055

829989050898186261

555810798782644234

800178568427470879

847046406043992064

790821779953549333

809998538494836768

774757926598082560

648211455908249663

775822567789297719

651801780711325696

705032363679285289

842866019335667742

816396667779416131

806600821420195872

437379589334106115

839171165804167218

771345641501884426

781198342838419497

774875339166842911

421332456847966208

778678494141480990

819558910939627560

159985870458322944

841476338095489044

857681295244263462

828830607118434344

749186247188283444

632855701710045195

813362388665499648

848268732512993351

779857626942013450

655969550696710154

787065588396064840

765826399872483328

794964649686073384

737808457985687572

711726234270302258

853269642399580200

661411484345171979

759389215082938368

861686953988063252

817162476297781259

771418922016178187

831496159981076530

282896139991384066

861831218726436864

399000650165387264

715334785698103376

836218657532280852

835792130868772874

818879859195379713

849375137400225823

808891311515893780

850097713131421777

757802100980842496

802240424004550727

846640722680479754

851767838377246730

830885477921456228

827222604610928722

843400542897963019

849637133034979368

691699289017155655

657830450235965457

828258798904672257

774405793683734528

747251088264265758

469610550159212554

509503335942848517

678548050481774610

761242984054128731

846816149969829919

682355008825851972

831240093074194443

693029825723498536

850771234371272714

853987920711778304

733112843603279942

802232094536368169

681491928004558850

735147814878969968

427177923473047553

595336264618737665

721957328630579210

700563696841392168

852146094338867200

825223271754104833

771421482998956042

697384678767722509

740605760211386429

637770524184936479

734416165501141072

694176625020895273

795801170609438741

859998079470403614

782649018374946836

334182935060283392

787467449033293824

776437505104543825

739517218764881971

698392249783812127

665766949464047616

814588822028681216

679092711655079975

691912350181359656

790833774099169360

781765610966482985

858132830814994442

843924959537659935

630625540264427530

493624690946867201

731855878222774343

548840667716124673

815178104560418826

774056702290296872

745155132693676074

859158588563521546

697461591314268171

781462478705000458

758390194524782612

793355243815567361

801231763149160448

647527514717159424

850216999904870420

732260192678576159

808435321930252308

848732228124934144

837011044164960338

799019181818380288

795132568374214677

818700579098066955

669714987039588353

578644687058108417

852766095088812034

774963863300866088

204255221017214977

735569331911393311

657227207202308096

816084643820077077

840051239202324491

776784191722487811

757961016641585205

747141423203090494

765599478295298082

769958980906254346

822512310340943873

697377393727373372

588929627922366504

782769235867729920

694616472839913522

761351392320684082

840288702437654569

764164914923175956

756501963621007381

822895467817467905

806280621776175104

725067407235743904

808909452270632980

765058316929335316

782185159314112542

817150101494956053

742008442918535290

762540035106013235

820689685403009055

807094737689116702

803990725732728872

774310300266528829

805319887420784640

770247600854532096

810547199666421770

741807747388932156

776618693231771679

827457257754722335

744973014654910557

856983668241072139

659663688319631394

757925990059081759

836534641388159009

505107825060478986

787918610902286376

824939624731639819

852772255356157962

538764138160062475

850441290280992788

774683211895930941

786024049964482561

779796851624116234

829267629520322621

853289769874096128

760588675943235629

749924012133580821

655412158275780609

711373809512480818

822014636852903986

839130638878769163

843449160396963910

650059001211519015

676540318585454612

809969925224398909

836674136859869234

530418559722192906

492202508568231988

727266198152020069

814344299994284062

358692769692385282

825204697341493269

799851090483871776

733830579841269760

806902474945724466

763434534242353163

725520311931633715

556822709083045888

778423284957577248

788889321306325072

679121576775385108

815587779005251635

619740292077322271

664336759328473088

554796281935953926

823040666417234000

852516777254060082

822330724375855135

743387410959958047

780398686827839501

838788922707542027

755825705895460955

809096382975049789

852787629136805908

758050159937585182

234395307759108106

685539596871663647

613328980795326468

786772358856704050

789941221052383312

769567572949467157

754772221918052423

839359323427569696

727600354245476352

853229655115825165

744404301325271050

652231295786680336

737534780186558505

823297211664302100

825736105226928199

785070046577164298

831219190513795083

848126120578252810

856148631319740426

826222078071799831

647956130768617472

758369727616778293

667003700866449418

612771501531463680

800383586871017483

485648867350675478

708204775157792769

787478492315910155

739213675990089849

790797882457587722

857582154456236042

759026412702662717

812362526200430633

807003118625357885

868043155793145856

825457512454291517

777606212522344460

845945069873659934

707203325116022915

857687191445438494

806313095550861333

783448858193428491

793814090194878484

796871200869318677

527254796462456833

867308967495860234

715396650352508928

737901770394697819

722135987895140372

710939833136316417

719953301671641148

728858293413478440

805267681900625931

845678232678432808

803076601876185159

829280356192354314

847888229976768543

846583452269805571

751004056486412288

802248414851104800

544613666633285632

827581616619782194

764244657432559628

764165457388503071

659391797096611841

741574331989229608

809978428651601920

820528551107362816

837777396413104178

729676303950938132

810480249976520735

772321553836670996

802157207310303262

691830350921465859

667044174104887305

819458220857753621

819045533175250964

799688956261433354

363518758364381194

820545788269821952

752967947642732744

689425084905029661

580127648823509060

790178782753062913

837661277794336801

830871694523760700

658842956840566818

691751463877083138

751137001457320068

838088085644116008

766778530380906516

460571545157500959

791911949704364042

840202805415247873

845929654442524702

778019146935173141

844923328942047242

751165539090563103

230897067243995137

760979576704073729

796671722513760266

852937129562472489

817866166864707635

784326684387966986

784919003679817788

813171919829598219

779860883018612758

749186930192678972

816398735918497832

831261992332820580

771593783463903243

586909453933215764

503707038040326147

801640783534358568

599920059607023619

848253841187405824

853280524553945098

458276816071950337

808999087323742219

837033381257543710

746499519235227739

606232456298889216

736629932985286711

787030008463884299

852586354289934348

770625289616228352

779147237397364747

785054199988879360

716390085896962058

701438643235192932

803699909593006132

343602865958551552

851935086528954388

842336597583855638

720225546104995910

788776378974732300

815949373903994881

839042110044897310

758825208555110420

822143765233401867

786618419528204319

519248417411825664

402397904486268939

781602104678023178

755877592913018880

778032254185766962

468165110473424916

842423663729967154

596028975277670420

812219029351301162

811386921200123974

834809807969976331

529256870389481482

794373196887359508

727186051193372733

758424055048568832

792673681653628958

758828986150158375

837488261496176731

719638640283746366

811212179776602123

858684249677627403

819355542183084072

563177035472830464

844270000868950046

827623265002455056

816008226931736576

790958402930081812

782369322156032002

548269275324874752

779861639230128129

825830771461062656

800781516061278218

757163861009760326

563335765623308291

703386408412381275

820723565397147719

644499452106637316

853284120246878249

792553576252964895

829349470796775476

281507112159543297

824138388100743200

791743689563176961

771315236435263509

850255113251848232

822679006532075550

774911767813947412

852766835534463027

705902484891107478

785570495424626741

698774637743702017

852758444889210912

739138193676304406

739702422221357107

681306107309850634

827728412604366900

791694664159199253

590897485631848470

622902571857608708

422699333453086721

842882258188107837

667938939671150612

824857506613821500

720744430574895185

703108901733793883

835484874022060032

467396098139357184

845580213970534420

861686953988063252

863102592943128606

826385641226240040

557628352828014614

624916740916248576

846566641927847967

807684551680720927

395220238247133184

777366197665529856

467783814647644160

820016327091027979

534254496860209162

778025526752575489

858712807750631444

856389134917435402

858257972215939102

508925950801608714

539100456882929675

567710012382904330

782382616124325909

815705109354250240

758805724578578533

844336745416097813

812311670957146132

620579091929759764

655059098844397590

735406699007180862

449994335107285022

804947095244243006

820291978787946558

763152048815472651

800097503222693920

634075424078692374

730327310573764609

854510429953851402

793528859022196786

817395515524120597

857684430420574248

758474034794594345

818169263209840660

811658689424654336

765048510181539841

536591752111587329

746467812414980220

771135715073196083

687866372293787775

761819234094415903

741659998420992100

385823803927953408

652642595826171904

598870597820219393

467396098139357184

653676860252749824

720896076936249366

525664866564833303

456633518882160642

853600694300180550

793918619297120276

482271950010318858

807036897704411157

560817215046156308

858101174602825728

812738136924880918

844449008327458846

772857087684247582

584726784789053440

795263310995783690

447126072866373642

455483503698640896

753456214918037525

794817902674313216

699940684324536350

761832391626588201

774281200356818954

733290192689037354

853310117063950346

607898590228119565

570225077400895488

763709443556507648

838767790441103360

856868066981707806

742355274651664456

484221098951573524

794676120560599041

744524186332037210

792259963221311488

827636456511766528

556410560011567115

791259399481196574

290859327340675084

742818442402332802

850104694792650792

858754090191290380

833002524381413388

780982966624976957

644689554267308042

858326285565427732

775618455470342154

581877684074709093

721567106390294588

842099200393347083

847098774534750268

846245632561905664

844291110418251797

294882584201003009

662326257387700225

675333970426069028

765175911620149248

644640370835193877

856742521257590824

826523040829538385

270904126974590976

828717353750757376

581771193959579668

856401406377328661

712502318838579251

815964701660807239

746215226499792988

645060380992864257

845240830893359135

781343873317863434

812737343114969128

736678207402803211

735441859265953792

583338828295569419

844779638911139863

768627103041323048

835226316336922644

824257391503605830

720351927581278219

781686285982105630

700639597130154019

718032856961777734

861874530975612938

857295149075398686

771092138708566046

780935078561447977

699486480325673062

802578181114560542

854892189910040597

703250869814165515

852355794480529418

759250512243064853

856403068974792715

661296186367541249

757259116887539772

663639427452502027

740206594750545961

786452295847116811

739259110247366747

838658975544770582

552901030271123476

775285297252532235

448618906647789578

849688035581755440

786175965809999904

748533109833597018

539470524485730314

745505637680545814

549357470158422026

694478412005507082

794833485704986647

689362309260640258

671357759245123613

853932454686621708

843147468522651697

520771714154758153

639187917000146985

791739579090599967

759406031234400286

793346106930495499

569427131596144642

752886770026151937

461442757227970560

824300471308124270

812466449108303912

852051235053109299

768356848889626635

787947796627324938

846936978066112552

854246423684186112

853094275334930462

762148606609195019

855717919036014612

645408598528229386

842952529678565416

585855674492256284

655390667865849872

419040464361226240

385781069846282242

759284372586233857

612123128138825728

155149108183695360

836912095463079936

712564367987572826

672671806406262795

766350604586582018

787173758623285258

790855902680449055

579032112380772371

705076639331254323

769231285704851468

720956535450107926

832031565345062914

862381625706545162

417082860793757707

522945125840715779

684296625895636998

638604504266309655

843330571614289920

808742881996177429

812741284208574504

793207197148250132

849495277269942354

820287651050553364

821366362562887691

755232729599049820

839845080386240533

860323757662011463

594137243786936321

624160135211909121

840731029392195635

560855737501220874

403789653360246805

741249699826106408

698010079567282197

779011790864121877

776333293485817876

775293748736950292

837197379232989204

416358583220043796

812740607373738004

726574019423502377

841749014255763476

707589423747039243

773744923350269952

789899380726693998

429527159091232768

748513763451469864

813707107252961281

769406214865813515

851115504797220906

437808476106784770

845357212343730196

804249379926048778

812240596756463617

698978164696809473

751879761743052909

833753233171677254

726130127628664934

840681660529508352

732668723722190959

525951263439978506

764902437013815326

849805220837064704

861913896800485387

825591644438134805

707185318448857128

775170448416702514

741089204649459714

857911449644826624

858652169506521129

553743557899452436

725745458483429427

822464718047281152

662444923366277140

750576434514493451

703886990948565003

788636357428772885

861040960094601256

159985870458322944

523606549088829440

576502864906813460

760273780286160938

783966666660118559

554995795233996801

840708871760511016

849510592708345869

789151410821660683

805495566238613514

850777045574877194

775667402452762624

857589523474284554

597121054393106464

809925075780108318

812739616678608944

856376505022021634

853305700816781375

852356958333566987

716341495673913376

816495170379448353

815178104560418826

632024354401812481

856053892261216266

857027642935345162

825622249770975232

722615907997712387

837011044164960338

610641620349616148

850722866957516802

669714987039588353

857946050391441408

624792977037983774

793881841017815062

861167785388670996

855122004680507402

721221705833513020

771703221529346058

775862882831171616

713505968616636517

773973386422255646

773319854094286899

638419129082052608

836162232378458112

822014636852903986

858749386217357374

798074156373508137

809310363530690560

484994727457062913

819935860581072947

234395307759108106

857678240788643882

850777869814595635

810966863466332210

747544254393352303

813171964301541397

748060527623798896

437794314224009226

777212374939205642

854989773575553024

796611383415930930

856551473916018748

582194910036492304

792828173166444576

717366960299573278

836852492103974973

752369063963131964

545248485964775425

741453320929017946

838781106999918642

773557478083919873

783110134833872926

663297262771896328

825423923997835276

720051759279636591

630481513653469185

469808471554916373

841587164444753930

776067665336205362

792883521793818624

778348994711650305

834267108669653053

833568375790895105

605955418014875660

771153644938723388

758762375179534408

641559899515387914

792757156369530880

713155745503248384

803783231744770058

689721429855436827

304800389491064832

842976424465137686

510016054391734273

782948710744719382

747729701421711440

811276816249389117

857452177772380181

807303536224370700

792118948803379210

860881115802763294

812367143483998239

706156832720158830

655142425781862420

772135682108948501

850775958076129280

845255301771165696

788775669404008498

559553088646676487

755084493592723639

803653564927967243

783084961694875670

811924879317794866

536991182035746816

607150320400728064

631178819369173002

720272359730446459

812488594887278653

845158299988131870

857518573601816587

764295170560229396

615867952914497566

802308472951406684

832214584462671923

832235930605060097

777808967036043306

595100770198749198

